1476 3132
1 19
1 28
1 30
1 36
1 38
1 52
1 55
1 70
1 82
1 83
1 84
1 85
1 96
1 110
1 120
1 121
1 122
1 123
1 152
1 155
1 167
1 178
1 182
1 190
1 202
1 213
1 224
1 226
1 227
1 253
1 256
1 261
1 273
1 293
1 294
1 300
1 303
1 320
1 323
1 361
1 424
1 437
1 443
1 456
1 469
1 480
1 488
1 507
1 526
1 560
1 562
1 572
1 573
1 591
1 593
1 595
1 608
1 624
1 628
1 638
1 652
1 665
1 688
1 690
1 703
1 710
1 727
1 741
1 742
1 756
1 761
1 764
1 767
1 772
1 776
1 777
1 781
1 786
1 787
1 791
1 804
1 806
1 810
1 812
1 818
1 825
1 830
1 831
1 833
1 860
1 874
1 882
1 885
1 892
1 900
1 917
1 918
1 922
1 924
1 928
1 957
1 961
1 969
1 993
1 1030
1 1032
1 1051
1 1052
1 1053
1 1056
1 1057
1 1059
1 1070
1 1071
1 1088
1 1095
1 1101
1 1102
1 1105
1 1107
1 1116
1 1137
1 1139
1 1141
1 1152
1 1155
1 1161
1 1200
1 1206
1 1207
1 1209
1 1211
1 1215
1 1217
1 1220
1 1227
1 1232
1 1233
1 1236
1 1237
1 1242
1 1254
1 1258
1 1261
1 1292
1 1302
1 1337
1 1338
1 1353
1 1356
1 1357
1 1358
1 1411
1 1424
1 1430
1 1433
1 1435
1 1437
2 15
2 184
2 216
2 221
2 323
2 527
2 573
2 1211
2 1250
2 1307
2 1349
3 826
4 527
4 727
4 756
4 761
4 1030
5 573
5 833
5 1215
5 1323
6 1215
7 962
7 1319
8 638
8 833
9 323
9 573
9 1211
10 1225
11 1139
11 1211
12 688
12 1211
13 527
13 638
13 706
14 688
14 1211
15 221
16 1211
17 1211
18 1112
19 29
19 1211
20 572
20 922
21 1211
21 1215
22 573
23 323
23 804
23 922
23 1211
24 184
24 223
24 527
24 1007
24 1211
25 1211
25 1215
26 1403
27 573
27 1211
28 323
28 756
28 804
28 1211
29 45
29 106
29 184
29 252
29 287
29 292
29 389
29 527
29 703
29 818
29 819
29 823
29 1354
30 573
30 1211
31 146
32 323
32 756
32 833
32 1211
33 511
33 1211
34 184
35 1200
36 1211
37 127
37 1112
39 1211
40 1211
41 1049
41 1215
42 1211
42 1215
43 323
43 1322
44 1211
46 323
47 1215
47 1242
48 397
48 1049
49 831
49 1211
50 184
50 1211
50 1419
51 748
51 761
52 884
52 1324
53 638
54 572
56 323
56 638
56 833
56 971
56 1215
57 632
57 1211
58 527
59 527
59 761
59 1289
59 1296
60 1211
61 323
62 67
62 323
63 1148
64 1211
65 688
65 833
65 1323
66 525
66 1200
68 323
68 688
68 1211
69 323
69 688
69 1211
70 323
70 688
70 1211
71 323
71 523
71 688
71 1211
72 688
72 1211
72 1306
73 323
73 1211
74 323
74 1211
75 188
75 628
75 1211
75 1215
76 155
76 1211
76 1215
77 1211
78 1059
79 357
79 1211
80 115
80 527
80 714
81 323
82 323
82 407
82 415
82 833
82 1211
82 1215
82 1334
82 1335
83 323
83 372
83 833
83 1211
83 1215
83 1230
84 323
84 455
84 833
84 1215
85 240
85 323
85 471
85 1211
86 1215
87 1215
88 1148
89 1148
90 323
90 688
90 833
90 1150
90 1215
90 1323
91 323
91 638
91 833
92 323
92 1211
93 158
93 184
93 747
93 798
93 1023
93 1137
93 1216
93 1434
94 573
94 1211
95 1211
96 527
96 761
96 1116
97 702
97 900
97 1139
97 1399
98 99
98 771
99 833
99 1323
100 1231
101 527
101 573
102 1234
102 1364
103 1063
103 1367
104 1215
104 1343
105 573
105 1211
106 692
106 915
106 1035
106 1117
106 1326
107 1039
108 527
108 1211
109 323
109 833
109 880
109 969
109 1215
110 323
110 688
111 638
111 1153
112 323
112 1215
113 1220
113 1231
114 605
115 1072
116 688
116 1211
117 833
117 1215
118 1112
119 227
124 1215
125 688
125 833
125 1211
126 605
127 1114
127 1215
128 688
128 1211
129 804
129 1211
130 1211
131 323
131 1211
132 688
133 1096
133 1215
134 1211
135 756
135 1120
135 1211
136 688
136 1215
137 833
138 1211
139 724
139 1406
140 688
141 1053
141 1113
141 1215
142 833
143 184
143 1116
143 1225
144 662
144 826
144 1137
145 170
146 184
146 197
146 323
146 638
146 663
146 664
146 716
146 1106
146 1317
147 184
148 1115
148 1211
149 323
149 1451
150 831
151 1215
152 1175
153 1211
154 588
154 833
154 1215
154 1323
155 323
155 1211
155 1320
156 1211
157 200
157 323
158 742
158 788
158 1373
159 688
159 756
160 1211
161 900
161 1215
162 688
162 1215
163 756
163 761
163 768
163 833
163 1054
163 1244
163 1256
163 1330
164 323
164 1211
164 1215
165 323
166 1139
167 1242
168 831
168 833
168 1211
169 184
169 338
169 352
169 527
169 644
169 761
169 766
169 770
169 833
169 888
169 935
169 981
169 1078
169 1257
170 184
170 527
170 667
170 761
170 776
170 833
170 1033
170 1060
170 1091
171 323
171 756
172 833
172 1215
172 1323
173 833
173 908
173 1215
173 1323
174 688
175 183
175 1211
176 1211
177 323
177 833
178 831
179 323
180 1215
181 724
181 1050
182 323
182 1211
183 323
184 245
184 251
184 254
184 286
184 353
184 401
184 452
184 479
184 527
184 553
184 563
184 564
184 594
184 627
184 650
184 656
184 750
184 752
184 761
184 771
184 810
184 848
184 849
184 870
184 921
184 925
184 970
184 974
184 979
184 1028
184 1094
184 1118
184 1224
184 1240
184 1354
184 1443
185 1104
185 1211
186 973
187 573
187 1215
188 371
188 1215
189 630
189 688
190 1211
191 1211
192 1211
193 1032
193 1211
194 833
194 1215
195 1211
196 833
196 1211
198 1076
199 573
201 1211
202 831
203 1215
204 323
204 1211
205 833
205 1215
205 1323
206 833
206 900
206 1092
207 1211
208 756
208 1211
209 1089
209 1215
210 527
211 900
211 1211
212 807
212 833
213 1211
214 573
214 1211
215 1215
216 756
217 833
217 1211
217 1215
218 969
218 1215
219 1211
220 756
220 1211
222 1039
222 1211
223 756
224 1211
225 1211
226 323
226 458
226 833
227 323
227 1211
227 1215
228 833
228 1215
229 527
230 756
231 364
231 1211
232 833
232 1215
233 1211
233 1215
234 756
235 833
235 1215
236 1211
237 1211
238 1139
238 1215
238 1299
239 918
239 1215
240 1211
241 312
241 573
241 833
241 1323
242 1211
243 756
243 1211
244 1211
244 1215
245 1225
246 1211
247 638
247 1220
248 1065
248 1211
249 1211
250 572
250 1211
251 527
253 1229
254 527
254 1225
255 1211
256 1093
257 638
257 833
258 470
258 688
259 724
259 838
259 1367
260 833
260 1215
261 1211
262 1215
263 688
263 1211
264 969
265 1211
265 1215
266 688
267 605
268 688
268 1211
269 527
269 970
270 1211
271 1215
272 1211
272 1215
274 1215
275 1005
276 323
276 688
276 1104
276 1211
277 1215
278 1049
278 1215
279 831
279 1211
280 1215
281 1215
282 756
282 1211
283 572
283 1211
284 1434
284 1443
285 1211
288 1211
289 1215
290 323
290 1211
290 1215
291 386
291 1215
292 1204
293 323
293 493
293 756
293 833
293 1211
293 1230
294 1211
295 1211
296 1211
297 1211
298 1211
299 831
300 638
301 723
301 727
301 756
301 833
301 949
301 950
301 952
301 1057
301 1137
301 1268
301 1459
301 1475
302 1211
302 1215
303 1211
304 638
305 1211
306 572
306 1211
307 309
307 527
307 870
308 1137
308 1211
309 357
309 477
309 708
309 756
309 870
309 1087
309 1211
310 833
311 1211
311 1215
313 619
314 833
314 1215
315 1211
315 1215
315 1323
316 675
316 833
316 1211
317 1215
318 833
318 1211
319 341
319 980
321 868
322 554
323 364
323 380
323 384
323 385
323 387
323 394
323 395
323 400
323 403
323 416
323 418
323 420
323 421
323 426
323 432
323 442
323 454
323 460
323 462
323 485
323 502
323 510
323 518
323 521
323 560
323 572
323 573
323 579
323 580
323 582
323 585
323 588
323 589
323 591
323 595
323 638
323 644
323 657
323 665
323 678
323 686
323 688
323 690
323 696
323 710
323 720
323 727
323 741
323 748
323 756
323 759
323 761
323 763
323 764
323 786
323 796
323 804
323 812
323 817
323 818
323 820
323 821
323 825
323 831
323 833
323 834
323 838
323 853
323 858
323 860
323 863
323 872
323 874
323 876
323 877
323 879
323 884
323 885
323 890
323 891
323 898
323 899
323 900
323 902
323 908
323 910
323 916
323 917
323 918
323 922
323 927
323 928
323 933
323 942
323 953
323 969
323 970
323 1008
323 1023
323 1030
323 1032
323 1035
323 1040
323 1041
323 1042
323 1043
323 1044
323 1046
323 1053
323 1059
323 1062
323 1063
323 1065
323 1071
323 1076
323 1083
323 1084
323 1088
323 1096
323 1097
323 1098
323 1099
323 1100
323 1110
323 1115
323 1120
323 1136
323 1137
323 1139
323 1141
323 1145
323 1154
323 1155
323 1161
323 1173
323 1174
323 1200
323 1206
323 1211
323 1215
323 1225
323 1229
323 1231
323 1232
323 1234
323 1240
323 1301
323 1311
323 1312
323 1329
323 1340
323 1342
323 1345
323 1348
323 1350
323 1351
323 1354
323 1360
323 1365
323 1374
323 1403
324 1233
324 1378
325 833
325 1004
325 1404
326 1017
327 1008
327 1216
328 1016
329 527
329 833
330 1215
331 997
332 791
332 1169
333 579
333 591
333 641
333 698
333 744
333 1006
333 1216
334 1232
335 764
335 972
336 758
336 782
337 1216
338 652
338 764
339 1011
339 1181
339 1196
339 1216
340 985
340 1450
341 579
341 591
341 602
341 743
341 788
341 798
341 992
341 993
341 1002
341 1181
341 1427
342 578
342 761
342 833
342 1010
342 1011
342 1392
342 1434
342 1443
343 884
343 1211
344 572
344 602
344 607
344 742
344 993
344 1002
344 1391
345 579
345 595
345 602
345 698
345 789
345 794
345 990
345 993
345 1002
345 1179
345 1390
346 642
346 1161
346 1232
347 648
348 351
349 648
350 566
350 648
351 565
351 567
351 636
351 1305
352 604
353 527
353 1225
354 1232
355 371
355 560
356 560
356 580
357 560
357 580
358 560
359 556
359 560
360 884
360 1211
361 575
362 1211
363 527
363 1211
364 833
365 688
365 1211
366 1215
367 1211
368 560
368 808
368 865
368 879
369 833
369 1215
370 833
370 1215
372 833
373 1211
374 969
375 1211
376 1215
377 1215
378 1211
378 1215
379 690
379 1211
380 1211
381 688
381 804
381 1211
382 1215
383 1211
384 1211
386 1312
387 833
387 1211
388 1009
390 922
390 1211
391 573
391 1215
392 1231
393 1211
393 1215
394 497
394 1211
395 1211
396 1053
396 1083
397 1211
398 756
399 1211
400 413
400 433
401 634
402 1215
402 1312
403 1211
404 1039
404 1088
405 922
405 1211
406 1211
407 1137
408 573
409 638
410 1215
411 756
411 1101
412 1083
412 1211
413 1215
414 1215
414 1323
416 1211
417 1211
418 1215
419 1211
420 1215
421 1211
422 1211
423 638
423 1211
424 1211
425 1032
425 1211
426 638
426 833
426 1211
427 1211
428 756
428 1211
429 1215
430 1215
431 756
431 1145
432 1211
433 1215
434 1076
434 1215
435 1211
436 638
436 1324
438 1215
439 908
440 814
440 1000
440 1001
440 1434
440 1443
441 922
441 1211
442 1211
442 1215
443 957
444 916
445 1115
445 1211
446 688
446 1215
447 833
447 1211
448 876
448 1211
449 1115
450 1211
451 1211
453 1211
453 1215
454 1215
455 1211
457 572
457 1211
458 1211
459 572
459 1211
460 1211
461 833
461 1215
462 1211
463 688
463 1211
464 1211
465 1215
466 657
466 1211
467 1211
468 638
469 1211
470 1211
472 1211
473 638
473 1211
474 1211
475 1211
476 833
478 688
479 527
479 588
480 1211
481 1116
481 1215
482 1211
483 595
484 688
484 1211
485 1211
486 1211
487 1211
488 1215
489 638
489 1211
490 1039
491 638
491 1211
492 1211
493 1211
494 638
494 1211
495 1215
496 1115
496 1211
497 831
498 761
499 638
500 1215
501 1211
502 1211
503 1211
504 1211
505 1211
505 1215
506 1215
507 1211
508 1215
508 1351
509 1211
510 833
512 1211
513 833
514 688
514 1211
515 833
515 1211
516 1211
517 1211
518 1211
519 1211
519 1215
520 1115
520 1211
521 1211
522 1211
524 804
526 1215
527 553
527 564
527 575
527 590
527 617
527 619
527 627
527 639
527 645
527 650
527 691
527 696
527 697
527 698
527 713
527 749
527 761
527 764
527 767
527 773
527 775
527 808
527 830
527 845
527 849
527 866
527 870
527 887
527 897
527 921
527 924
527 970
527 979
527 1008
527 1028
527 1056
527 1060
527 1091
527 1094
527 1137
527 1148
527 1184
527 1202
527 1209
527 1224
527 1226
527 1232
527 1257
527 1279
527 1289
527 1428
527 1442
528 1211
529 1239
530 1239
531 1232
532 1232
532 1239
533 1232
534 1239
535 1263
536 1239
537 1239
538 1232
539 1232
540 1232
540 1239
541 757
541 894
541 926
541 927
541 929
542 1239
543 613
544 613
545 613
546 613
547 613
548 613
549 771
549 1071
550 613
551 1239
552 761
553 761
553 1030
554 698
554 729
554 730
554 731
554 732
554 733
554 734
554 735
554 736
554 737
554 738
554 985
554 1024
554 1216
554 1452
555 1232
556 853
557 1215
558 560
558 1181
559 833
560 572
560 573
560 591
560 688
560 710
560 742
560 756
560 761
560 764
560 804
560 833
560 884
560 885
560 900
560 1088
560 1139
560 1161
560 1211
561 1137
561 1211
562 1234
562 1403
563 1211
564 638
567 648
568 648
569 648
570 789
571 574
572 579
572 662
572 682
572 693
572 727
572 742
572 756
572 761
572 833
572 886
572 985
572 1082
572 1157
572 1211
572 1215
572 1239
572 1336
572 1375
573 591
573 594
573 619
573 620
573 638
573 652
573 665
573 694
573 710
573 722
573 727
573 740
573 742
573 756
573 761
573 847
573 933
573 970
573 993
573 1057
573 1088
573 1210
573 1211
573 1215
573 1257
573 1360
573 1428
573 1457
574 698
574 801
574 1031
575 1215
576 1211
577 1232
579 581
579 591
579 605
579 607
579 686
579 698
579 699
579 711
579 742
579 756
579 779
579 788
579 798
579 800
579 984
579 987
579 989
579 993
579 995
579 997
579 1012
579 1015
579 1019
579 1021
579 1025
579 1037
579 1139
579 1169
579 1176
579 1185
579 1197
579 1211
579 1216
579 1374
579 1398
579 1401
579 1435
579 1450
580 1215
581 698
581 985
581 993
581 1009
581 1216
582 917
582 966
582 1211
583 1200
584 1215
585 833
585 1127
586 605
586 612
587 831
587 1076
588 697
588 893
588 907
588 1055
588 1211
588 1325
590 803
590 1200
591 665
591 688
591 690
591 761
591 764
591 833
591 1008
591 1046
591 1053
591 1161
591 1211
592 751
592 761
593 1211
594 1211
595 756
595 777
595 791
595 833
595 900
595 1211
595 1215
596 698
597 701
597 742
597 1396
598 840
599 1454
600 638
600 761
600 764
601 764
602 686
602 695
602 711
602 728
602 741
602 781
602 796
602 797
602 975
602 985
602 987
602 992
602 993
602 1002
602 1015
602 1037
602 1168
602 1216
602 1314
602 1385
603 698
603 1137
604 667
604 766
604 885
604 1033
604 1078
604 1091
605 1167
605 1178
605 1288
605 1434
606 727
606 1215
607 742
607 758
607 788
609 798
609 881
609 993
609 1216
609 1223
610 742
611 742
611 985
612 742
612 995
612 1394
613 1046
614 1434
614 1443
615 648
616 648
617 638
618 637
618 648
619 704
619 761
620 1215
621 1215
622 1200
623 1053
623 1211
625 969
626 1053
628 1118
628 1211
629 1104
631 964
632 727
632 742
633 1316
634 1316
635 648
638 639
638 656
638 710
638 727
638 742
638 751
638 756
638 761
638 764
638 818
638 833
638 884
638 1071
638 1116
638 1137
638 1200
638 1207
638 1211
638 1312
638 1344
639 1149
640 1374
643 1211
644 1039
644 1211
645 761
645 969
646 1232
647 1085
648 651
648 661
648 1008
648 1304
648 1315
648 1434
649 698
650 1225
652 727
652 761
652 770
652 920
652 1042
653 1241
654 656
655 756
656 727
656 756
656 761
656 833
656 1053
657 1211
658 773
658 774
658 1030
658 1224
659 1215
660 1005
663 664
663 716
665 666
665 668
665 675
665 676
665 677
665 678
665 679
665 680
665 682
665 684
665 685
665 688
665 690
665 693
665 727
665 742
665 754
665 756
665 757
665 761
665 764
665 781
665 787
665 796
665 804
665 831
665 833
665 834
665 874
665 882
665 884
665 885
665 890
665 922
665 930
665 931
665 939
665 940
665 941
665 943
665 946
665 955
665 1037
665 1053
665 1139
665 1211
665 1219
665 1270
665 1274
665 1276
666 754
668 669
668 673
668 678
668 754
668 913
668 945
668 1296
668 1464
669 754
670 754
671 754
671 945
671 1270
672 754
672 761
673 683
673 754
674 754
675 933
675 1273
676 678
676 824
676 944
676 1296
676 1462
677 678
677 933
677 1273
677 1463
678 680
678 682
678 685
678 727
678 742
678 756
678 757
678 833
678 913
678 930
678 937
678 938
678 939
678 941
678 943
678 946
678 951
678 1137
678 1211
678 1270
678 1274
678 1297
679 932
679 933
679 1273
681 754
682 693
682 937
682 1463
685 955
686 885
686 994
686 1002
686 1139
687 831
688 714
688 727
688 742
688 756
688 761
688 833
688 892
688 908
688 961
688 1059
688 1072
688 1083
688 1097
688 1098
688 1137
688 1211
688 1215
688 1229
688 1248
688 1298
688 1319
688 1351
689 1239
690 727
690 742
690 756
690 761
690 833
690 1211
690 1215
692 817
692 828
692 1198
694 756
694 885
696 809
696 1215
698 761
698 985
698 1137
698 1216
698 1374
698 1434
699 1455
700 993
700 1433
700 1434
700 1443
702 984
705 1211
706 1061
706 1211
707 1063
707 1140
709 1116
710 711
710 712
710 727
710 742
710 756
710 761
710 833
710 1039
710 1040
710 1041
710 1042
710 1043
710 1044
710 1045
710 1047
710 1048
710 1137
710 1211
710 1215
710 1246
711 798
711 992
711 1002
711 1178
713 1082
715 764
717 927
718 833
719 1063
719 1148
719 1234
720 1211
720 1369
721 1211
723 1267
723 1280
724 1215
724 1328
724 1368
725 1146
726 1216
727 742
727 756
727 758
727 761
727 764
727 769
727 776
727 781
727 788
727 796
727 804
727 813
727 825
727 831
727 832
727 833
727 834
727 866
727 868
727 873
727 874
727 882
727 884
727 885
727 900
727 917
727 918
727 922
727 927
727 933
727 954
727 960
727 969
727 992
727 993
727 1008
727 1030
727 1032
727 1037
727 1038
727 1052
727 1053
727 1057
727 1071
727 1074
727 1076
727 1088
727 1094
727 1104
727 1105
727 1127
727 1132
727 1137
727 1139
727 1141
727 1158
727 1165
727 1184
727 1211
727 1215
727 1231
727 1232
727 1266
727 1320
727 1323
727 1369
739 1009
739 1211
740 989
741 833
741 985
741 989
741 993
741 1002
741 1192
741 1211
741 1397
741 1423
741 1450
742 756
742 761
742 764
742 790
742 792
742 798
742 804
742 813
742 825
742 831
742 833
742 874
742 900
742 917
742 919
742 980
742 1002
742 1046
742 1053
742 1088
742 1161
742 1211
742 1216
742 1232
742 1318
742 1450
744 993
744 1002
745 985
745 1233
746 890
746 985
747 764
748 833
748 1211
750 1053
751 1211
753 756
753 1137
754 945
754 1137
754 1434
755 761
756 758
756 761
756 764
756 769
756 780
756 781
756 796
756 804
756 813
756 825
756 831
756 832
756 833
756 834
756 835
756 846
756 851
756 868
756 880
756 882
756 884
756 885
756 890
756 900
756 917
756 922
756 933
756 964
756 975
756 992
756 993
756 1008
756 1032
756 1037
756 1046
756 1053
756 1074
756 1076
756 1088
756 1104
756 1105
756 1109
756 1127
756 1132
756 1137
756 1139
756 1141
756 1144
756 1161
756 1165
756 1184
756 1206
756 1211
756 1215
756 1232
756 1250
756 1266
756 1273
756 1306
756 1307
756 1310
756 1313
756 1320
756 1323
756 1348
756 1428
757 1057
758 761
758 999
758 1002
758 1008
758 1158
758 1211
758 1216
758 1429
758 1432
759 1215
760 761
761 764
761 767
761 775
761 781
761 796
761 803
761 804
761 813
761 814
761 815
761 816
761 825
761 828
761 831
761 833
761 834
761 844
761 865
761 866
761 868
761 870
761 874
761 884
761 885
761 890
761 900
761 907
761 908
761 914
761 917
761 922
761 964
761 968
761 969
761 979
761 992
761 1030
761 1032
761 1046
761 1053
761 1055
761 1071
761 1074
761 1081
761 1088
761 1094
761 1104
761 1105
761 1127
761 1128
761 1132
761 1137
761 1139
761 1148
761 1158
761 1165
761 1180
761 1184
761 1202
761 1211
761 1215
761 1225
761 1232
761 1279
761 1323
762 1116
763 904
764 833
764 895
764 1161
764 1211
764 1215
765 1232
768 921
769 1139
771 1071
772 1211
776 1440
777 1196
777 1385
778 890
778 1008
778 1429
779 1216
780 1371
780 1390
781 798
781 833
781 988
781 1002
781 1211
781 1215
782 881
782 1216
782 1439
782 1441
783 801
783 1415
784 1159
785 1326
786 798
786 833
786 993
786 1002
786 1016
786 1169
786 1186
786 1416
787 832
787 1211
788 792
788 793
788 798
788 975
788 985
788 996
788 1012
788 1027
788 1164
788 1174
788 1176
788 1211
788 1215
788 1216
788 1372
788 1423
788 1434
788 1435
791 1377
791 1398
792 1163
793 1023
793 1405
793 1439
794 1026
795 1233
796 798
796 1002
796 1215
796 1410
797 985
797 1002
797 1165
798 985
798 989
798 993
798 994
798 1008
798 1020
798 1197
798 1216
798 1233
798 1373
798 1374
798 1376
798 1378
798 1412
798 1417
798 1433
798 1450
799 1017
800 985
800 1216
800 1235
802 992
802 1183
803 1200
804 833
804 852
804 964
804 1023
804 1203
804 1211
804 1215
804 1290
804 1353
804 1450
805 1403
806 1029
806 1211
807 1158
807 1211
808 879
810 882
811 1076
811 1211
812 833
813 833
813 878
813 1211
816 944
818 968
819 1204
820 1215
820 1278
822 1125
823 1211
825 833
825 882
825 1029
825 1074
825 1105
825 1158
825 1211
825 1369
826 862
826 1129
826 1211
826 1367
826 1368
827 1211
829 850
829 1232
831 833
831 997
831 1104
831 1137
831 1211
831 1215
831 1334
831 1371
832 1137
832 1139
832 1211
832 1231
833 834
833 837
833 842
833 851
833 852
833 872
833 880
833 882
833 884
833 885
833 896
833 900
833 906
833 910
833 917
833 922
833 927
833 933
833 942
833 951
833 960
833 969
833 971
833 974
833 979
833 981
833 989
833 1014
833 1016
833 1046
833 1049
833 1053
833 1061
833 1063
833 1071
833 1074
833 1075
833 1088
833 1103
833 1104
833 1108
833 1113
833 1115
833 1139
833 1141
833 1146
833 1147
833 1161
833 1173
833 1183
833 1206
833 1211
833 1213
833 1215
833 1220
833 1231
833 1239
833 1275
833 1303
833 1313
833 1342
833 1343
833 1348
833 1350
833 1363
833 1374
834 1211
835 851
835 925
836 1211
836 1215
837 1215
837 1242
838 1050
838 1062
838 1111
838 1140
838 1187
838 1211
838 1259
838 1367
839 886
839 1291
840 1146
841 842
842 927
843 1030
845 846
845 1082
847 1211
847 1215
848 1093
850 855
851 901
851 1119
851 1211
852 1211
854 902
854 1115
854 1215
855 983
855 1138
855 1211
855 1395
856 1232
857 1215
858 1211
859 868
859 953
861 1265
861 1266
862 1148
864 1140
864 1260
866 1030
866 1434
866 1443
867 868
867 953
868 1137
868 1139
868 1472
868 1474
869 921
869 1200
870 1030
871 1074
871 1211
873 912
873 949
874 1104
875 889
876 1211
878 908
878 1215
881 1216
882 1215
883 1239
884 919
884 1116
884 1207
884 1215
884 1337
884 1358
884 1359
885 953
885 1197
885 1211
885 1215
885 1334
885 1420
887 970
889 1239
890 932
890 958
890 985
890 1002
890 1008
890 1020
890 1166
890 1177
890 1189
890 1194
890 1216
890 1381
890 1384
890 1388
894 1139
896 1215
897 970
898 955
898 1206
900 967
900 1121
900 1211
900 1215
901 925
902 1211
903 1239
905 1211
908 1211
909 1030
909 1053
909 1075
911 1239
915 1093
916 1220
917 1211
917 1320
921 1244
921 1330
922 1211
922 1215
922 1294
922 1433
923 1211
923 1215
924 1211
925 1119
926 929
926 955
926 1137
927 1211
928 1182
928 1211
928 1460
928 1470
929 1266
930 1273
931 932
931 936
931 942
933 939
933 940
933 946
933 1211
933 1270
933 1274
934 938
940 1273
941 1219
941 1272
941 1274
942 943
942 1211
943 1463
945 1296
947 958
948 1267
949 1267
950 1267
952 1300
953 1137
953 1139
953 1215
953 1472
954 1467
954 1468
954 1469
956 1139
956 1215
956 1278
957 972
957 1232
959 1211
961 1211
962 1183
962 1211
963 1211
964 1029
964 1139
965 1239
969 1201
969 1211
969 1308
969 1327
970 1211
970 1215
970 1442
971 1211
972 1232
973 1127
974 1249
974 1341
975 1002
975 1211
975 1216
976 978
977 978
978 1211
979 1022
979 1315
979 1434
980 985
980 1393
982 1232
984 1216
985 988
985 992
985 993
985 996
985 998
985 1002
985 1015
985 1139
985 1158
985 1164
985 1166
985 1177
985 1181
985 1196
985 1372
985 1382
985 1387
985 1396
985 1400
985 1405
985 1414
985 1425
985 1444
985 1445
986 1437
986 1438
987 1002
987 1233
987 1376
988 1159
988 1444
989 1160
989 1162
989 1169
989 1192
989 1215
989 1216
989 1401
989 1450
990 992
990 1433
991 1404
991 1434
991 1443
992 997
992 1002
992 1023
992 1132
992 1164
992 1170
992 1181
992 1233
992 1372
992 1376
992 1400
992 1413
992 1416
992 1418
992 1425
992 1427
992 1431
993 1002
993 1015
993 1181
993 1378
993 1412
993 1445
995 1433
996 1435
997 1002
997 1137
997 1216
997 1400
997 1436
998 1002
998 1176
999 1162
1002 1008
1002 1015
1002 1023
1002 1037
1002 1139
1002 1169
1002 1177
1002 1181
1002 1233
1002 1314
1002 1376
1002 1385
1002 1420
1002 1423
1002 1433
1002 1435
1002 1450
1003 1009
1004 1211
1005 1063
1005 1148
1005 1211
1005 1339
1005 1352
1009 1137
1013 1172
1013 1375
1013 1379
1013 1435
1014 1232
1015 1049
1015 1171
1015 1238
1016 1216
1017 1137
1017 1389
1017 1415
1017 1422
1018 1211
1022 1434
1023 1139
1023 1211
1023 1441
1023 1453
1025 1175
1030 1094
1030 1110
1030 1127
1030 1158
1030 1202
1030 1211
1030 1215
1030 1234
1030 1296
1032 1085
1032 1089
1032 1130
1032 1149
1032 1211
1032 1303
1034 1110
1034 1115
1036 1049
1037 1139
1038 1039
1038 1320
1039 1064
1039 1095
1039 1131
1039 1255
1039 1294
1042 1212
1045 1320
1046 1215
1046 1232
1046 1239
1046 1241
1049 1074
1049 1267
1052 1211
1053 1081
1053 1139
1053 1220
1056 1298
1057 1197
1057 1211
1057 1215
1057 1228
1057 1266
1057 1267
1058 1215
1059 1211
1062 1137
1063 1137
1063 1187
1063 1211
1063 1332
1063 1340
1063 1406
1063 1407
1064 1211
1066 1161
1067 1232
1068 1232
1069 1211
1071 1211
1073 1211
1076 1211
1077 1211
1079 1407
1079 1408
1080 1204
1083 1211
1084 1115
1086 1093
1087 1215
1088 1111
1088 1131
1088 1211
1088 1215
1088 1302
1090 1241
1092 1211
1093 1211
1095 1137
1095 1215
1097 1211
1098 1211
1099 1211
1100 1211
1101 1211
1103 1354
1104 1158
1104 1215
1105 1211
1107 1211
1107 1215
1108 1215
1109 1139
1109 1334
1111 1137
1111 1362
1111 1364
1111 1367
1111 1403
1112 1365
1113 1115
1115 1131
1115 1140
1115 1153
1115 1211
1115 1366
1117 1123
1121 1143
1122 1211
1123 1211
1124 1211
1125 1211
1126 1137
1126 1140
1126 1367
1127 1158
1127 1211
1127 1215
1129 1367
1130 1211
1130 1215
1131 1215
1132 1139
1133 1211
1133 1215
1134 1211
1134 1215
1135 1211
1136 1215
1137 1140
1137 1174
1137 1176
1137 1183
1137 1211
1137 1215
1137 1260
1137 1266
1137 1273
1137 1314
1137 1348
1137 1363
1137 1368
1137 1376
1137 1385
1137 1466
1137 1471
1138 1211
1139 1152
1139 1211
1139 1215
1139 1231
1139 1234
1139 1266
1139 1287
1140 1328
1141 1158
1141 1211
1141 1253
1142 1215
1146 1211
1147 1211
1148 1340
1148 1355
1148 1403
1148 1408
1151 1211
1152 1211
1154 1215
1155 1211
1156 1211
1158 1177
1158 1211
1158 1323
1159 1174
1160 1431
1161 1215
1161 1232
1163 1189
1163 1216
1164 1424
1165 1334
1166 1169
1169 1216
1169 1396
1170 1435
1171 1188
1171 1216
1172 1450
1173 1215
1173 1453
1174 1211
1174 1425
1175 1456
1181 1193
1181 1394
1183 1295
1185 1373
1185 1450
1188 1383
1190 1381
1191 1450
1192 1473
1195 1211
1198 1211
1199 1211
1200 1215
1200 1247
1200 1248
1203 1211
1204 1211
1205 1215
1206 1211
1206 1215
1208 1314
1211 1213
1211 1214
1211 1215
1211 1216
1211 1218
1211 1219
1211 1221
1211 1222
1211 1223
1211 1227
1211 1228
1211 1231
1211 1242
1211 1243
1211 1245
1211 1252
1211 1254
1211 1255
1211 1256
1211 1261
1211 1262
1211 1267
1211 1273
1211 1308
1211 1309
1211 1312
1211 1316
1211 1331
1211 1333
1211 1335
1211 1343
1211 1346
1211 1347
1211 1348
1211 1350
1211 1351
1211 1354
1211 1360
1211 1361
1211 1362
1211 1363
1211 1364
1211 1366
1211 1367
1211 1369
1211 1370
1211 1374
1211 1403
1211 1433
1211 1438
1211 1443
1211 1458
1213 1215
1213 1323
1214 1323
1215 1227
1215 1232
1215 1251
1215 1253
1215 1264
1215 1301
1215 1303
1215 1310
1215 1313
1215 1321
1215 1323
1215 1342
1215 1345
1215 1348
1215 1350
1215 1363
1215 1419
1215 1461
1215 1466
1216 1223
1216 1396
1216 1445
1216 1447
1216 1449
1222 1255
1232 1307
1232 1386
1232 1395
1232 1430
1233 1373
1233 1414
1239 1263
1239 1430
1239 1476
1247 1320
1249 1320
1259 1367
1265 1289
1267 1268
1267 1269
1267 1281
1267 1282
1267 1283
1267 1284
1267 1285
1267 1286
1267 1459
1270 1271
1272 1297
1277 1293
1277 1471
1278 1293
1278 1471
1279 1457
1280 1294
1280 1465
1287 1294
1295 1434
1296 1462
1303 1323
1314 1434
1322 1343
1323 1345
1328 1367
1348 1349
1355 1406
1362 1364
1362 1458
1364 1367
1372 1433
1375 1391
1375 1418
1376 1454
1378 1433
1378 1450
1380 1390
1383 1421
1385 1423
1385 1426
1387 1448
1391 1417
1391 1418
1392 1427
1393 1409
1400 1433
1402 1427
1417 1418
1421 1451
1423 1450
1423 1456
1426 1432
1427 1450
1446 1447
